1.690000000000000000e+08 0.000000000000000000e+00
1.691252245631952286e+08 3.986125829106960672e-01
1.692504294889173806e+08 7.972251658213928005e-01
1.693755951427728236e+08 1.195837748732089478e+00
1.695007018965265453e+08 1.594450331642785379e+00
1.696257301311801076e+08 1.993062914553481724e+00
1.697506602400482297e+08 2.391675497464178513e+00
1.698754726318336129e+08 2.790288080374875079e+00
1.700001477336990833e+08 3.188900663285570314e+00
1.701246659943369925e+08 3.587513246196267325e+00
1.702490078870352209e+08 3.986125829106964336e+00
1.703731539127393663e+08 4.384738412017660458e+00
1.704970846031104922e+08 4.783350994928357025e+00
1.706207805235781372e+08 5.181963577839052704e+00
1.707442222763879895e+08 5.580576160749750159e+00
1.708673905036438107e+08 5.979188743660445837e+00
1.709902658903430998e+08 6.377801326571141516e+00
1.711128291674061120e+08 6.776413909481838971e+00
1.712350611146974266e+08 7.175026492392536426e+00
1.713569425640402138e+08 7.573639075303232993e+00
1.714784544022219777e+08 7.972251658213929559e+00
1.715995775739919543e+08 8.370864241124625238e+00
1.717202930850493014e+08 8.769476824035320917e+00
1.718405820050217807e+08 9.168089406946018372e+00
1.719604254704342186e+08 9.566701989856714050e+00
1.720798046876668632e+08 9.965314572767411505e+00
1.721987009359024465e+08 1.036392715567810541e+01
1.723170955700619519e+08 1.076253973858880109e+01
1.724349700237284601e+08 1.116115232149949854e+01
1.725523058120588660e+08 1.155976490441019422e+01
1.726690845346823931e+08 1.195837748732088990e+01
1.727852878785862923e+08 1.235699007023158735e+01
1.729008976209875941e+08 1.275560265314228126e+01
1.730158956321907341e+08 1.315421523605298049e+01
1.731302638784306645e+08 1.355282781896367439e+01
1.732439844247008562e+08 1.395144040187437184e+01
1.733570394375658333e+08 1.435005298478506930e+01
1.734694111879577935e+08 1.474866556769576498e+01
1.735810820539567769e+08 1.514727815060646066e+01
1.736920345235542059e+08 1.554589073351715633e+01
1.738022511973990202e+08 1.594450331642785379e+01
1.739117147915262580e+08 1.634311589933854947e+01
1.740204081400673687e+08 1.674172848224924692e+01
1.741283141979422569e+08 1.714034106515994083e+01
1.742354160435323119e+08 1.753895364807064183e+01
1.743416968813337982e+08 1.793756623098133574e+01
1.744471400445919037e+08 1.833617881389203319e+01
1.745517289979143143e+08 1.873479139680272709e+01
1.746554473398642242e+08 1.913340397971342455e+01
1.747582788055324554e+08 1.953201656262412200e+01
1.748602072690880299e+08 1.993062914553481590e+01
1.749612167463070154e+08 2.032924172844551691e+01
1.750612913970790803e+08 2.072785431135621437e+01
1.751604155278916657e+08 2.112646689426690827e+01
1.752585735942908227e+08 2.152507947717760572e+01
1.753557502033189833e+08 2.192369206008830318e+01
1.754519301159288287e+08 2.232230464299900063e+01
1.755470982493730187e+08 2.272091722590969098e+01
1.756412396795694828e+08 2.311952980882039199e+01
1.757343396434417069e+08 2.351814239173108945e+01
1.758263835412340164e+08 2.391675497464177980e+01
1.759173569388008416e+08 2.431536755755248080e+01
1.760072455698704720e+08 2.471398014046317826e+01
1.760960353382821679e+08 2.511259272337387216e+01
1.761837123201965988e+08 2.551120530628456606e+01
1.762702627662796080e+08 2.590981788919526707e+01
1.763556731038580835e+08 2.630843047210596453e+01
1.764399299390485883e+08 2.670704305501665843e+01
1.765230200588576496e+08 2.710565563792735588e+01
1.766049304332538545e+08 2.750426822083805689e+01
1.766856482172111869e+08 2.790288080374874724e+01
1.767651607527233064e+08 2.830149338665944114e+01
1.768434555707886815e+08 2.870010596957014570e+01
1.769205203933657706e+08 2.909871855248083605e+01
1.769963431352985799e+08 2.949733113539153351e+01
1.770709119062118232e+08 2.989594371830222741e+01
1.771442150123755038e+08 3.029455630121292486e+01
1.772162409585386813e+08 3.069316888412362587e+01
1.772869784497321844e+08 3.109178146703431622e+01
1.773564163930398524e+08 3.149039404994501012e+01
1.774245438993381262e+08 3.188900663285571468e+01
1.774913502850036025e+08 3.228761921576641214e+01
1.775568250735884905e+08 3.268623179867709894e+01
1.776209579974634349e+08 3.308484438158779994e+01
1.776837389994277060e+08 3.348345696449850095e+01
1.777451582342863977e+08 3.388206954740919485e+01
1.778052060703941584e+08 3.428068213031988876e+01
1.778638730911659002e+08 3.467929471323058976e+01
1.779211500965531468e+08 3.507790729614128367e+01
1.779770281044870615e+08 3.547651987905197757e+01
1.780314983522868156e+08 3.587513246196267147e+01
1.780845522980338335e+08 3.627374504487337248e+01
1.781361816219111979e+08 3.667235762778406638e+01
1.781863782275085449e+08 3.707097021069476028e+01
1.782351342430914938e+08 3.746958279360546129e+01
1.782824420228363276e+08 3.786819537651615519e+01
1.783282941480287313e+08 3.826680795942684910e+01
1.783726834282273948e+08 3.866542054233754300e+01
1.784156029023915231e+08 3.906403312524825111e+01
1.784570458399723768e+08 3.946264570815894501e+01
1.784970057419689298e+08 3.986125829106963181e+01
1.785354763419468403e+08 4.025987087398033992e+01
1.785724516070212424e+08 4.065848345689103382e+01
1.786079257388027906e+08 4.105709603980172773e+01
1.786418931743069589e+08 4.145570862271242873e+01
1.786743485868263841e+08 4.185432120562312264e+01
1.787052868867662251e+08 4.225293378853380943e+01
1.787347032224423289e+08 4.265154637144451755e+01
1.787625929808419645e+08 4.305015895435521145e+01
1.787889517883473337e+08 4.344877153726590535e+01
1.788137755114213526e+08 4.384738412017660636e+01
1.788370602572559714e+08 4.424599670308730026e+01
1.788588023743824363e+08 4.464460928599800127e+01
1.788789984532442093e+08 4.504322186890869517e+01
1.788976453267312944e+08 4.544183445181938197e+01
1.789147400706771910e+08 4.584044703473009008e+01
1.789302800043173432e+08 4.623905961764078398e+01
1.789442626907094717e+08 4.663767220055147078e+01
1.789566859371158183e+08 4.703628478346217889e+01
1.789675477953469753e+08 4.743489736637287280e+01
1.789768465620674193e+08 4.783350994928355959e+01
1.789845807790625691e+08 4.823212253219426771e+01
1.789907492334675491e+08 4.863073511510496161e+01
1.789953509579572976e+08 4.902934769801565551e+01
1.789983852308982909e+08 4.942796028092635652e+01
1.789998515764617324e+08 4.982657286383704331e+01
1.789997497646981776e+08 5.022518544674774432e+01
1.789980798115735054e+08 5.062379802965844533e+01
1.789948419789665639e+08 5.102241061256913213e+01
1.789900367746279836e+08 5.142102319547983313e+01
1.789836649521005750e+08 5.181963577839053414e+01
1.789757275106011629e+08 5.221824836130122094e+01
1.789662256948639750e+08 5.261686094421192195e+01
1.789551609949453175e+08 5.301547352712262295e+01
1.789425351459899247e+08 5.341408611003331686e+01
1.789283501279589832e+08 5.381269869294401076e+01
1.789126081653194726e+08 5.421131127585471177e+01
1.788953117266954780e+08 5.460992385876540567e+01
1.788764635244809091e+08 5.500853644167611378e+01
1.788560665144142807e+08 5.540714902458679347e+01
1.788341238951151967e+08 5.580576160749749448e+01
1.788106391075825989e+08 5.620437419040820259e+01
1.787856158346553445e+08 5.660298677331888229e+01
1.787590580004345477e+08 5.700159935622958329e+01
1.787309697696682513e+08 5.740021193914029141e+01
1.787013555470983088e+08 5.779882452205097110e+01
1.786702199767696857e+08 5.819743710496167211e+01
1.786375679413020909e+08 5.859604968787238022e+01
1.786034045611244440e+08 5.899466227078306702e+01
1.785677351936716735e+08 5.939327485369376092e+01
1.785305654325448871e+08 5.979188743660445482e+01
1.784919011066338420e+08 6.019050001951516293e+01
1.784517482792032063e+08 6.058911260242584973e+01
1.784101132469414175e+08 6.098772518533654363e+01
1.783670025389735103e+08 6.138633776824725174e+01
1.783224229158371091e+08 6.178495035115793854e+01
1.782763813684221804e+08 6.218356293406863244e+01
1.782288851168749332e+08 6.258217551697934056e+01
1.781799416094653904e+08 6.298078809989002025e+01
1.781295585214194059e+08 6.337940068280073547e+01
1.780777437537151873e+08 6.377801326571142937e+01
1.780245054318440557e+08 6.417662584862210906e+01
1.779698519045363665e+08 6.457523843153282428e+01
1.779137917424522638e+08 6.497385101444351108e+01
1.778563337368376553e+08 6.537246359735419787e+01
1.777974868981454968e+08 6.577107618026491309e+01
1.777372604546228945e+08 6.616968876317559989e+01
1.776756638508639038e+08 6.656830134608628669e+01
1.776127067463284433e+08 6.696691392899700190e+01
1.775483990138275027e+08 6.736552651190768870e+01
1.774827507379749715e+08 6.776413909481838971e+01
1.774157722136061192e+08 6.816275167772909072e+01
1.773474739441632330e+08 6.856136426063977751e+01
1.772778666400484145e+08 6.895997684355047852e+01
1.772069612169440985e+08 6.935858942646117953e+01
1.771347687941012084e+08 6.975720200937186632e+01
1.770613006925954223e+08 7.015581459228256733e+01
1.769865684335519373e+08 7.055442717519326834e+01
1.769105837363386452e+08 7.095303975810395514e+01
1.768333585167283714e+08 7.135165234101465614e+01
1.767549048850302398e+08 7.175026492392534294e+01
1.766752351441906393e+08 7.214887750683604395e+01
1.765943617878637612e+08 7.254749008974674496e+01
1.765122974984524548e+08 7.294610267265743175e+01
1.764290551451194286e+08 7.334471525556813276e+01
1.763446477817690372e+08 7.374332783847883377e+01
1.762590886450003088e+08 7.414194042138952057e+01
1.761723911520310640e+08 7.454055300430022157e+01
1.760845688985939920e+08 7.493916558721092258e+01
1.759956356568045616e+08 7.533777817012160938e+01
1.759056053730011880e+08 7.573639075303231039e+01
1.758144921655583978e+08 7.613500333594301139e+01
1.757223103226726055e+08 7.653361591885369819e+01
1.756290743001215756e+08 7.693222850176439920e+01
1.755347987189975679e+08 7.733084108467510021e+01
1.754394983634143174e+08 7.772945366758580121e+01
1.753431881781887412e+08 7.812806625049648801e+01
1.752458832664972544e+08 7.852667883340717481e+01
1.751475988875073791e+08 7.892529141631789003e+01
1.750483504539847374e+08 7.932390399922859103e+01
1.749481535298762023e+08 7.972251658213926362e+01
1.748470238278690279e+08 8.012112916504997884e+01
1.747449772069269419e+08 8.051974174796067985e+01
1.746420296698030829e+08 8.091835433087136664e+01
1.745381973605305254e+08 8.131696691378206765e+01
1.744334965618906021e+08 8.171557949669276866e+01
1.743279436928595006e+08 8.211419207960345545e+01
1.742215553060333133e+08 8.251280466251415646e+01
1.741143480850325823e+08 8.291141724542485747e+01
1.740063388418856859e+08 8.331002982833554427e+01
1.738975445143926740e+08 8.370864241124624527e+01
1.737879821634688973e+08 8.410725499415694628e+01
1.736776689704697430e+08 8.450586757706761887e+01
1.735666222344961464e+08 8.490448015997833409e+01
1.734548593696818352e+08 8.530309274288903509e+01
1.733423979024624825e+08 8.570170532579970768e+01
1.732292554688272476e+08 8.610031790871042290e+01
1.731154498115530610e+08 8.649893049162112391e+01
1.730009987774223983e+08 8.689754307453179649e+01
1.728859203144243658e+08 8.729615565744251171e+01
1.727702324689403474e+08 8.769476824035321272e+01
1.726539533829138875e+08 8.809338082326389952e+01
1.725371012910056412e+08 8.849199340617460052e+01
1.724196945177340209e+08 8.889060598908530153e+01
1.723017514746015072e+08 8.928921857199600254e+01
1.721832906572073102e+08 8.968783115490668933e+01
1.720643306423470378e+08 9.008644373781739034e+01
1.719448900850994587e+08 9.048505632072809135e+01
1.718249877159011066e+08 9.088366890363876394e+01
1.717046423376088738e+08 9.128228148654947915e+01
1.715838728225516081e+08 9.168089406946018016e+01
1.714626981095703840e+08 9.207950665237085275e+01
1.713411372010486424e+08 9.247811923528156797e+01
1.712192091599322259e+08 9.287673181819226897e+01
1.710969331067400873e+08 9.327534440110294156e+01
1.709743282165656388e+08 9.367395698401365678e+01
1.708514137160699964e+08 9.407256956692435779e+01
1.707282088804666698e+08 9.447118214983503037e+01
1.706047330304990113e+08 9.486979473274574559e+01
1.704810055294102728e+08 9.526840731565644660e+01
1.703570457799072266e+08 9.566701989856711918e+01
1.702328732211172581e+08 9.606563248147783440e+01
1.701085073255402446e+08 9.646424506438853541e+01
1.699839675959946811e+08 9.686285764729920800e+01
1.698592735625593364e+08 9.726147023020992322e+01
1.697344447795107067e+08 9.766008281312062422e+01
1.696095008222563863e+08 9.805869539603131102e+01
1.694844612842653990e+08 9.845730797894201203e+01
1.693593457739955485e+08 9.885592056185271304e+01
1.692341739118184447e+08 9.925453314476339983e+01
1.691089653269427419e+08 9.965314572767408663e+01
1.689837396543358266e+08 1.000517583105848018e+02
1.688585165316447914e+08 1.004503708934954886e+02
1.687333155961168110e+08 1.008489834764061754e+02
1.686081564815197587e+08 1.012475960593168907e+02
1.684830588150631785e+08 1.016462086422275775e+02
1.683580422143204808e+08 1.020448212251382643e+02
1.682331262841525078e+08 1.024434338080489795e+02
1.681083306136330962e+08 1.028420463909596663e+02
1.679836747729772627e+08 1.032406589738703531e+02
1.678591783104721010e+08 1.036392715567810683e+02
1.677348607494114041e+08 1.040378841396917551e+02
1.676107415850338936e+08 1.044364967226024419e+02
1.674868402814662158e+08 1.048351093055131571e+02
1.673631762686704695e+08 1.052337218884238439e+02
1.672397689393972456e+08 1.056323344713345307e+02
1.671166376461445093e+08 1.060309470542452459e+02
1.669938016981228590e+08 1.064295596371559327e+02
1.668712803582274020e+08 1.068281722200666337e+02
1.667490928400169611e+08 1.072267848029773347e+02
1.666272583047011793e+08 1.076253973858880215e+02
1.665057958581354916e+08 1.080240099687987225e+02
1.663847245478252470e+08 1.084226225517094235e+02
1.662640633599384129e+08 1.088212351346201103e+02
1.661438312163284123e+08 1.092198477175308113e+02
1.660240469715668559e+08 1.096184603004414981e+02
1.659047294099865854e+08 1.100170728833521991e+02
1.657858972427362204e+08 1.104156854662629001e+02
1.656675691048456728e+08 1.108142980491735869e+02
1.655497635523040295e+08 1.112129106320842880e+02
1.654324990591495037e+08 1.116115232149949890e+02
1.653157940145725012e+08 1.120101357979056758e+02
1.651996667200316489e+08 1.124087483808164052e+02
1.650841353863840997e+08 1.128073609637270778e+02
1.649692181310294569e+08 1.132059735466377646e+02
1.648549329750687778e+08 1.136045861295484940e+02
1.647412978404785693e+08 1.140031987124591666e+02
1.646283305473002195e+08 1.144018112953698534e+02
1.645160488108454645e+08 1.148004238782805828e+02
1.644044702389184833e+08 1.151990364611912554e+02
1.642936123290544450e+08 1.155976490441019422e+02
1.641834924657757282e+08 1.159962616270126716e+02
1.640741279178657234e+08 1.163948742099233442e+02
1.639655358356606960e+08 1.167934867928340452e+02
1.638577332483603060e+08 1.171920993757447604e+02
1.637507370613572001e+08 1.175907119586554330e+02
1.636445640535858870e+08 1.179893245415661340e+02
1.635392308748914599e+08 1.183879371244768208e+02
1.634347540434187353e+08 1.187865497073875218e+02
1.633311499430217147e+08 1.191851622902982371e+02
1.632284348206945062e+08 1.195837748732089096e+02
1.631266247840233147e+08 1.199823874561196106e+02
1.630257357986606061e+08 1.203810000390303259e+02
1.629257836858213842e+08 1.207796126219409985e+02
1.628267841198020875e+08 1.211782252048516995e+02
1.627287526255226135e+08 1.215768377877624147e+02
1.626317045760917962e+08 1.219754503706730873e+02
1.625356551903964281e+08 1.223740629535837883e+02
1.624406195307148993e+08 1.227726755364945035e+02
1.623466125003550053e+08 1.231712881194051761e+02
1.622536488413169086e+08 1.235699007023158771e+02
1.621617431319812536e+08 1.239685132852265923e+02
1.620709097848231792e+08 1.243671258681372649e+02
1.619811630441519320e+08 1.247657384510479659e+02
1.618925169838773012e+08 1.251643510339586811e+02
1.618049855053025186e+08 1.255629636168693537e+02
1.617185823349443078e+08 1.259615761997800405e+02
1.616333210223801434e+08 1.263601887826907699e+02
1.615492149381237626e+08 1.267588013656014709e+02
1.614662772715281546e+08 1.271574139485121293e+02
1.613845210287172794e+08 1.275560265314228587e+02
1.613039590305465460e+08 1.279546391143335597e+02
1.612246039105922580e+08 1.283532516972442181e+02
1.611464681131703556e+08 1.287518642801549333e+02
1.610695638913850784e+08 1.291504768630656486e+02
1.609939033052073419e+08 1.295490894459763069e+02
1.609194982195833921e+08 1.299477020288870222e+02
1.608463603025745451e+08 1.303463146117977374e+02
1.607745010235269964e+08 1.307449271947083957e+02
1.607039316512735486e+08 1.311435397776191110e+02
1.606346632523662448e+08 1.315421523605298262e+02
1.605667066893410385e+08 1.319407649434404846e+02
1.605000726190143526e+08 1.323393775263511998e+02
1.604347714908117950e+08 1.327379901092619150e+02
1.603708135451296866e+08 1.331366026921725734e+02
1.603082088117289245e+08 1.335352152750832886e+02
1.602469671081624329e+08 1.339338278579940038e+02
1.601870980382353663e+08 1.343324404409046906e+02
1.601286109904990792e+08 1.347310530238153774e+02
1.600715151367790103e+08 1.351296656067260926e+02
1.600158194307361841e+08 1.355282781896367794e+02
1.599615326064631343e+08 1.359268907725474662e+02
1.599086631771143973e+08 1.363255033554581814e+02
1.598572194335713089e+08 1.367241159383688682e+02
1.598072094431419373e+08 1.371227285212795550e+02
1.597586410482959747e+08 1.375213411041902702e+02
1.597115218654349148e+08 1.379199536871009570e+02
1.596658592836975753e+08 1.383185662700116438e+02
1.596216604638014734e+08 1.387171788529223591e+02
1.595789323369198143e+08 1.391157914358330459e+02
1.595376816035945415e+08 1.395144040187437326e+02
1.594979147326856852e+08 1.399130166016544479e+02
1.594596379603568017e+08 1.403116291845651347e+02
1.594228572890970409e+08 1.407102417674758215e+02
1.593875784867799282e+08 1.411088543503865367e+02
1.593538070857588649e+08 1.415074669332972235e+02
1.593215483819994032e+08 1.419060795162079103e+02
1.592908074342488945e+08 1.423046920991186255e+02
1.592615890632431507e+08 1.427033046820293123e+02
1.592338978509504199e+08 1.431019172649399991e+02
1.592077381398529112e+08 1.435005298478506859e+02
1.591831140322657824e+08 1.438991424307614011e+02
1.591600293896937966e+08 1.442977550136720879e+02
1.591384878322258592e+08 1.446963675965827747e+02
1.591184927379671931e+08 1.450949801794934899e+02
1.591000472425097227e+08 1.454935927624041767e+02
1.590831542384402454e+08 1.458922053453148635e+02
1.590678163748869002e+08 1.462908179282255787e+02
1.590540360571036935e+08 1.466894305111362655e+02
1.590418154460933208e+08 1.470880430940469523e+02
1.590311564582683146e+08 1.474866556769576675e+02
1.590220607651504874e+08 1.478852682598683543e+02
1.590145297931087315e+08 1.482838808427790411e+02
1.590085647231355309e+08 1.486824934256897564e+02
1.590041664906615317e+08 1.490811060086004431e+02
1.590013357854090929e+08 1.494797185915111299e+02
1.590000730512838662e+08 1.498783311744218452e+02
1.590003784863053858e+08 1.502769437573325320e+02
1.590022520425758958e+08 1.506755563402432188e+02
1.590056934262879789e+08 1.510741689231539340e+02
1.590107020977705121e+08 1.514727815060646208e+02
1.590172772715733349e+08 1.518713940889753076e+02
1.590254179165904224e+08 1.522700066718860228e+02
1.590351227562216520e+08 1.526686192547967096e+02
1.590463902685728967e+08 1.530672318377073964e+02
1.590592186866946816e+08 1.534658444206181116e+02
1.590736059988594353e+08 1.538644570035287984e+02
1.590895499488767087e+08 1.542630695864395136e+02
1.591070480364471972e+08 1.546616821693502004e+02
1.591260975175547600e+08 1.550602947522608872e+02
1.591466954048967361e+08 1.554589073351716024e+02
1.591688384683523476e+08 1.558575199180822892e+02
1.591925232354893982e+08 1.562561325009929760e+02
1.592177459921085835e+08 1.566547450839036912e+02
1.592445027828261554e+08 1.570533576668143780e+02
1.592727894116941392e+08 1.574519702497250648e+02
1.593026014428581893e+08 1.578505828326357801e+02
1.593339342012534738e+08 1.582491954155464668e+02
1.593667827733375430e+08 1.586478079984571536e+02
1.594011420078610778e+08 1.590464205813678973e+02
1.594370065166755617e+08 1.594450331642785272e+02
1.594743706755782962e+08 1.598436457471892425e+02
1.595132286251943409e+08 1.602422583300999577e+02
1.595535742718954384e+08 1.606408709130106445e+02
1.595954012887554765e+08 1.610394834959213597e+02
1.596387031165428758e+08 1.614380960788320749e+02
1.596834729647489786e+08 1.618367086617427333e+02
1.597297038126530051e+08 1.622353212446534201e+02
1.597773884104230702e+08 1.626339338275641353e+02
1.598265192802530527e+08 1.630325464104748505e+02
1.598770887175352573e+08 1.634311589933855373e+02
1.599290887920686007e+08 1.638297715762962525e+02
1.599825113493022919e+08 1.642283841592069109e+02
1.600373480116145015e+08 1.646269967421175977e+02
1.600935901796262562e+08 1.650256093250283129e+02
1.601512290335498154e+08 1.654242219079390281e+02
1.602102555345719457e+08 1.658228344908497149e+02
1.602706604262712300e+08 1.662214470737604302e+02
1.603324342360697389e+08 1.666200596566710885e+02
1.603955672767184377e+08 1.670186722395817753e+02
1.604600496478163600e+08 1.674172848224924905e+02
1.605258712373631299e+08 1.678158974054032058e+02
1.605930217233448029e+08 1.682145099883138926e+02
1.606614905753523707e+08 1.686131225712246078e+02
1.607312670562332571e+08 1.690117351541352377e+02
1.608023402237751484e+08 1.694103477370459530e+02
1.608746989324217439e+08 1.698089603199566682e+02
1.609483318350206912e+08 1.702075729028673834e+02
1.610232273846030533e+08 1.706061854857780702e+02
1.610993738361940384e+08 1.710047980686887854e+02
1.611767592486547530e+08 1.714034106515994154e+02
1.612553714865550101e+08 1.718020232345101306e+02
1.613351982220760882e+08 1.722006358174208458e+02
1.614162269369441867e+08 1.725992484003315610e+02
1.614984449243934155e+08 1.729978609832422478e+02
1.615818392911584675e+08 1.733964735661529630e+02
1.616663969594964683e+08 1.737950861490635930e+02
1.617521046692379415e+08 1.741936987319742798e+02
1.618389489798661172e+08 1.745923113148850234e+02
1.619269162726246119e+08 1.749909238977957386e+02
1.620159927526532114e+08 1.753895364807064254e+02
1.621061644511511028e+08 1.757881490636171407e+02
1.621974172275674641e+08 1.761867616465277990e+02
1.622897367718188763e+08 1.765853742294384574e+02
1.623831086065335274e+08 1.769839868123492010e+02
1.624775180893213749e+08 1.773825993952599163e+02
1.625729504150704741e+08 1.777812119781706031e+02
1.626693906182686090e+08 1.781798245610813183e+02
1.627668235753501952e+08 1.785784371439920051e+02
1.628652340070678592e+08 1.789770497269026350e+02
1.629646064808886647e+08 1.793756623098133787e+02
1.630649254134140015e+08 1.797742748927240939e+02
1.631661750728234351e+08 1.801728874756347807e+02
1.632683395813417733e+08 1.805715000585454959e+02
1.633714029177289903e+08 1.809701126414561827e+02
1.634753489197925627e+08 1.813687252243668127e+02
1.635801612869220972e+08 1.817673378072775279e+02
1.636858235826455057e+08 1.821659503901882715e+02
1.637923192372064888e+08 1.825645629730989583e+02
1.638996315501631200e+08 1.829631755560096735e+02
1.640077436930066049e+08 1.833617881389203603e+02
1.641166387118003964e+08 1.837604007218309903e+02
1.642262995298389494e+08 1.841590133047417055e+02
1.643367089503254592e+08 1.845576258876524491e+02
1.644478496590687335e+08 1.849562384705631359e+02
1.645597042271984518e+08 1.853548510534738512e+02
1.646722551138981879e+08 1.857534636363845379e+02
1.647854846691562235e+08 1.861520762192952247e+02
1.648993751365333200e+08 1.865506888022058831e+02
1.650139086559473574e+08 1.869493013851166268e+02
1.651290672664739192e+08 1.873479139680273136e+02
1.652448329091631174e+08 1.877465265509380288e+02
1.653611874298714399e+08 1.881451391338487156e+02
1.654781125821085870e+08 1.885437517167594024e+02
1.655955900298990309e+08 1.889423642996700607e+02
1.657136013506573439e+08 1.893409768825808044e+02
1.658321280380769968e+08 1.897395894654914912e+02
1.659511515050328672e+08 1.901382020484022064e+02
1.660706530864956975e+08 1.905368146313128932e+02
1.661906140424593091e+08 1.909354272142235800e+02
1.663110155608792603e+08 1.913340397971342384e+02
1.664318387606230378e+08 1.917326523800449252e+02
1.665530646944307685e+08 1.921312649629556688e+02
1.666746743518866599e+08 1.925298775458663840e+02
1.667966486624001563e+08 1.929284901287770708e+02
1.669189684981964529e+08 1.933271027116877576e+02
1.670416146773161888e+08 1.937257152945984160e+02
1.671645679666234553e+08 1.941243278775091028e+02
1.672878090848219097e+08 1.945229404604198464e+02
1.674113187054784894e+08 1.949215530433305616e+02
1.675350774600539804e+08 1.953201656262412484e+02
1.676590659409406185e+08 1.957187782091519352e+02
1.677832647045053542e+08 1.961173907920626220e+02
1.679076542741389275e+08 1.965160033749732804e+02
1.680322151433103681e+08 1.969146159578840241e+02
1.681569277786257863e+08 1.973132285407947393e+02
1.682817726228916049e+08 1.977118411237054261e+02
1.684067300981815159e+08 1.981104537066161129e+02
1.685317806089066267e+08 1.985090662895267997e+02
1.686569045448884368e+08 1.989076788724374580e+02
1.687820822844339907e+08 1.993062914553481733e+02
1.689072941974130273e+08 1.997049040382589169e+02
1.690325206483361423e+08 2.001035166211696037e+02
1.691577419994342923e+08 2.005021292040802905e+02
1.692829386137380898e+08 2.009007417869909773e+02
1.694080908581572771e+08 2.012993543699016357e+02
1.695331791065596938e+08 2.016979669528123509e+02
1.696581837428488731e+08 2.020965795357230945e+02
1.697830851640401781e+08 2.024951921186337813e+02
1.699078637833350897e+08 2.028938047015444965e+02
1.700325000331924856e+08 2.032924172844551549e+02
1.701569743683974743e+08 2.036910298673658133e+02
1.702812672691262662e+08 2.040896424502765285e+02
1.704053592440072596e+08 2.044882550331872721e+02
1.705292308331776261e+08 2.048868676160979589e+02
1.706528626113350987e+08 2.052854801990086742e+02
1.707762351907839477e+08 2.056840927819193325e+02
1.708993292244756520e+08 2.060827053648300478e+02
1.710221254090425968e+08 2.064813179477407061e+02
1.711446044878253341e+08 2.068799305306514498e+02
1.712667472538922727e+08 2.072785431135621366e+02
1.713885345530517697e+08 2.076771556964728518e+02
1.715099472868558168e+08 2.080757682793835102e+02
1.716309664155950248e+08 2.084743808622942254e+02
1.717515729612843394e+08 2.088729934452048838e+02
1.718717480106392205e+08 2.092716060281155990e+02
1.719914727180415690e+08 2.096702186110263142e+02
1.721107283084949851e+08 2.100688311939370294e+02
1.722294960805690587e+08 2.104674437768476878e+02
1.723477574093322158e+08 2.108660563597584030e+02
1.724654937492722571e+08 2.112646689426690614e+02
1.725826866372047365e+08 2.116632815255797766e+02
1.726993176951682568e+08 2.120618941084904918e+02
1.728153686333065927e+08 2.124605066914012070e+02
1.729308212527366877e+08 2.128591192743118654e+02
1.730456574484027624e+08 2.132577318572225806e+02
1.731598592119153440e+08 2.136563444401332674e+02
1.732734086343753934e+08 2.140549570230439542e+02
1.733862879091827273e+08 2.144535696059546694e+02
1.734984793348284662e+08 2.148521821888653847e+02
1.736099653176708221e+08 2.152507947717760430e+02
1.737207283746942282e+08 2.156494073546867583e+02
1.738307511362509727e+08 2.160480199375974451e+02
1.739400163487849832e+08 2.164466325205081318e+02
1.740485068775375485e+08 2.168452451034188471e+02
1.741562057092344463e+08 2.172438576863295623e+02
1.742630959547537267e+08 2.176424702692402207e+02
1.743691608517744839e+08 2.180410828521509359e+02
1.744743837674053311e+08 2.184396954350616227e+02
1.745787482007926702e+08 2.188383080179723095e+02
1.746822377857085466e+08 2.192369206008829963e+02
1.747848362931169868e+08 2.196355331837937399e+02
1.748865276337190866e+08 2.200341457667043983e+02
1.749872958604760468e+08 2.204327583496151135e+02
1.750871251711100042e+08 2.208313709325258003e+02
1.751859999105821550e+08 2.212299835154364871e+02
1.752839045735476017e+08 2.216285960983471739e+02
1.753808238067870438e+08 2.220272086812579175e+02
1.754767424116142690e+08 2.224258212641685759e+02
1.755716453462598026e+08 2.228244338470792911e+02
1.756655177282294631e+08 2.232230464299899779e+02
1.757583448366384208e+08 2.236216590129006931e+02
1.758501121145195961e+08 2.240202715958113515e+02
1.759408051711064875e+08 2.244188841787220952e+02
1.760304097840898335e+08 2.248174967616327535e+02
1.761189119018481076e+08 2.252161093445434688e+02
1.762062976456508338e+08 2.256147219274541555e+02
1.762925533118351698e+08 2.260133345103648708e+02
1.763776653739548624e+08 2.264119470932755291e+02
1.764616204849014580e+08 2.268105596761862444e+02
1.765444054789972901e+08 2.272091722590969880e+02
1.766260073740601540e+08 2.276077848420076464e+02
1.767064133734391630e+08 2.280063974249183332e+02
1.767856108680214584e+08 2.284050100078290484e+02
1.768635874382095635e+08 2.288036225907397068e+02
1.769403308558690250e+08 2.292022351736504220e+02
1.770158290862459242e+08 2.296008477565611656e+02
1.770900702898541689e+08 2.299994603394718240e+02
1.771630428243322968e+08 2.303980729223825108e+02
1.772347352462689877e+08 2.307966855052932260e+02
1.773051363129976690e+08 2.311952980882038844e+02
1.773742349843596518e+08 2.315939106711145996e+02
1.774420204244352877e+08 2.319925232540253432e+02
1.775084820032433569e+08 2.323911358369360016e+02
1.775736092984080017e+08 2.327897484198466884e+02
1.776373920967931449e+08 2.331883610027574036e+02
1.776998203961040378e+08 2.335869735856680904e+02
1.777608844064559042e+08 2.339855861685787772e+02
1.778205745519090593e+08 2.343841987514895209e+02
1.778788814719706774e+08 2.347828113344001792e+02
1.779357960230627060e+08 2.351814239173108660e+02
1.779913092799555659e+08 2.355800365002215813e+02
1.780454125371680558e+08 2.359786490831322681e+02
1.780980973103322685e+08 2.363772616660429549e+02
1.781493553375243247e+08 2.367758742489536417e+02
1.781991785805598199e+08 2.371744868318643569e+02
1.782475592262544036e+08 2.375730994147750437e+02
1.782944896876491010e+08 2.379717119976857589e+02
1.783399626051999331e+08 2.383703245805964741e+02
1.783839708479322195e+08 2.387689371635071325e+02
1.784265075145586729e+08 2.391675497464178193e+02
1.784675659345617890e+08 2.395661623293285345e+02
1.785071396692397296e+08 2.399647749122392213e+02
1.785452225127162337e+08 2.403633874951499365e+02
1.785818084929136038e+08 2.407620000780606517e+02
1.786168918724894226e+08 2.411606126609713101e+02
1.786504671497361958e+08 2.415592252438819969e+02
1.786825290594440103e+08 2.419578378267926837e+02
1.787130725737264156e+08 2.423564504097033989e+02
1.787420929028087258e+08 2.427550629926141141e+02
1.787695854957792461e+08 2.431536755755248294e+02
1.787955460413028896e+08 2.435522881584355162e+02
1.788199704682972133e+08 2.439509007413461745e+02
1.788428549465709925e+08 2.443495133242568613e+02
1.788641958874247372e+08 2.447481259071675765e+02
1.788839899442134500e+08 2.451467384900782918e+02
1.789022340128716230e+08 2.455453510729890070e+02
1.789189252323997319e+08 2.459439636558996938e+02
1.789340609853131175e+08 2.463425762388103522e+02
1.789476388980523944e+08 2.467411888217210389e+02
1.789596568413555920e+08 2.471398014046317542e+02
1.789701129305921793e+08 2.475384139875424694e+02
1.789790055260584950e+08 2.479370265704531846e+02
1.789863332332350016e+08 2.483356391533638714e+02
1.789920949030048549e+08 2.487342517362745298e+02
1.789962896318341792e+08 2.491328643191852166e+02
1.789989167619137466e+08 2.495314769020959318e+02
1.789999758812621236e+08 2.499300894850066470e+02
1.789994668237902224e+08 2.503287020679173622e+02
1.789973896693274677e+08 2.507273146508280490e+02
1.789937447436092198e+08 2.511259272337387074e+02
1.789885326182256341e+08 2.515245398166493942e+02
1.789817541105321348e+08 2.519231523995600810e+02
1.789734102835211158e+08 2.523217649824708246e+02
1.789635024456553459e+08 2.527203775653815399e+02
1.789520321506627202e+08 2.531189901482922266e+02
1.789390011972927153e+08 2.535176027312029419e+02
1.789244116290341318e+08 2.539162153141136002e+02
1.789082657337947190e+08 2.543148278970242586e+02
1.788905660435425043e+08 2.547134404799350023e+02
1.788713153339085877e+08 2.551120530628457175e+02
1.788505166237518489e+08 2.555106656457564043e+02
1.788281731746857464e+08 2.559092782286671195e+02
1.788042884905665517e+08 2.563078908115777494e+02
1.787788663169441521e+08 2.567065033944884362e+02
1.787519106404744685e+08 2.571051159773991799e+02
1.787234256882944405e+08 2.575037285603098667e+02
1.786934159273589551e+08 2.579023411432206103e+02
1.786618860637405515e+08 2.583009537261312971e+02
1.786288410418912768e+08 2.586995663090419271e+02
1.785942860438673496e+08 2.590981788919526139e+02
1.785582264885165095e+08 2.594967914748633007e+02
1.785206680306283236e+08 2.598954040577740443e+02
1.784816165600472987e+08 2.602940166406847879e+02
1.784410782007492781e+08 2.606926292235954747e+02
1.783990593098811507e+08 2.610912418065061047e+02
1.783555664767638743e+08 2.614898543894167915e+02
1.783106065218591690e+08 2.618884669723274783e+02
1.782641864956999421e+08 2.622870795552382219e+02
1.782163136777846515e+08 2.626856921381489656e+02
1.781669955754357576e+08 2.630843047210596524e+02
1.781162399226224124e+08 2.634829173039703392e+02
1.780640546787476242e+08 2.638815298868809691e+02
1.780104480274001062e+08 2.642801424697916559e+02
1.779554283750709593e+08 2.646787550527023996e+02
1.778990043498352766e+08 2.650773676356131432e+02
1.778411847999993563e+08 2.654759802185238300e+02
1.777819787927127481e+08 2.658745928014345168e+02
1.777213956125467122e+08 2.662732053843451467e+02
1.776594447600380480e+08 2.666718179672558335e+02
1.775961359501992464e+08 2.670704305501665772e+02
1.775314791109950840e+08 2.674690431330773208e+02
1.774654843817856908e+08 2.678676557159880076e+02
1.773981621117364764e+08 2.682662682988986944e+02
1.773295228581952155e+08 2.686648808818093812e+02
1.772595773850365281e+08 2.690634934647200112e+02
1.771883366609738171e+08 2.694621060476307548e+02
1.771158118578392565e+08 2.698607186305414984e+02
1.770420143488318026e+08 2.702593312134521852e+02
1.769669557067336440e+08 2.706579437963628720e+02
1.768906477020954788e+08 2.710565563792735588e+02
1.768131023013905585e+08 2.714551689621841888e+02
1.767343316651381552e+08 2.718537815450949324e+02
1.766543481459967196e+08 2.722523941280056761e+02
1.765731642868265212e+08 2.726510067109163629e+02
1.764907928187229335e+08 2.730496192938270497e+02
1.764072466590197682e+08 2.734482318767377365e+02
1.763225389092637599e+08 2.738468444596483664e+02
1.762366828531598747e+08 2.742454570425591101e+02
1.761496919544883072e+08 2.746440696254698537e+02
1.760615798549930453e+08 2.750426822083805405e+02
1.759723603722426295e+08 2.754412947912912273e+02
1.758820474974632561e+08 2.758399073742019141e+02
1.757906553933448195e+08 2.762385199571125440e+02
1.756981983918197155e+08 2.766371325400232877e+02
1.756046909918156564e+08 2.770357451229340313e+02
1.755101478569816947e+08 2.774343577058447181e+02
1.754145838133888841e+08 2.778329702887554049e+02
1.753180138472051322e+08 2.782315828716660917e+02
1.752204531023452580e+08 2.786301954545767785e+02
1.751219168780959547e+08 2.790288080374874653e+02
1.750224206267168224e+08 2.794274206203981521e+02
1.749219799510169923e+08 2.798260332033088957e+02
1.748206106019084156e+08 2.802246457862195825e+02
1.747183284759357572e+08 2.806232583691302693e+02
1.746151496127836704e+08 2.810218709520409561e+02
1.745110901927612722e+08 2.814204835349516429e+02
1.744061665342649519e+08 2.818190961178623297e+02
1.743003950912193358e+08 2.822177087007730734e+02
1.741937924504969716e+08 2.826163212836837602e+02
1.740863753293172121e+08 2.830149338665944470e+02
1.739781605726245642e+08 2.834135464495051338e+02
1.738691651504473090e+08 2.838121590324158205e+02
1.737594061552361250e+08 2.842107716153265073e+02
1.736489007991837263e+08 2.846093841982372510e+02
1.735376664115256965e+08 2.850079967811479378e+02
1.734257204358229637e+08 2.854066093640586246e+02
1.733130804272262752e+08 2.858052219469693114e+02
1.731997640497232676e+08 2.862038345298799982e+02
1.730857890733684897e+08 2.866024471127906850e+02
1.729711733714966476e+08 2.870010596957013718e+02
1.728559349179197252e+08 2.873996722786121154e+02
1.727400917841085792e+08 2.877982848615228022e+02
1.726236621363586485e+08 2.881968974444334890e+02
1.725066642329415083e+08 2.885955100273441758e+02
1.723891164212414026e+08 2.889941226102548626e+02
1.722710371348781586e+08 2.893927351931655494e+02
1.721524448908163905e+08 2.897913477760762930e+02
1.720333582864618301e+08 2.901899603589869798e+02
1.719137959967447519e+08 2.905885729418976666e+02
1.717937767711914778e+08 2.909871855248083534e+02
1.716733194309841692e+08 2.913857981077190402e+02
1.715524428660092950e+08 2.917844106906297270e+02
1.714311660318952203e+08 2.921830232735404707e+02
1.713095079470399320e+08 2.925816358564511575e+02
1.711874876896282136e+08 2.929802484393618442e+02
1.710651243946402073e+08 2.933788610222725310e+02
1.709424372508504689e+08 2.937774736051832178e+02
1.708194454978188574e+08 2.941760861880939046e+02
1.706961684228735566e+08 2.945746987710046483e+02
1.705726253580863476e+08 2.949733113539153351e+02
1.704488356772409678e+08 2.953719239368260219e+02
1.703248187927950621e+08 2.957705365197367087e+02
1.702005941528359056e+08 2.961691491026473955e+02
1.700761812380305529e+08 2.965677616855580823e+02
1.699515995585709214e+08 2.969663742684688259e+02
1.698268686511144340e+08 2.973649868513795127e+02
1.697020080757199824e+08 2.977635994342901995e+02
1.695770374127807915e+08 2.981622120172008863e+02
1.694519762599538565e+08 2.985608246001116299e+02
1.693268442290865779e+08 2.989594371830222599e+02
1.692016609431412518e+08 2.993580497659330035e+02
1.690764460331180096e+08 2.997566623488436903e+02
1.689512191349761486e+08 3.001552749317543771e+02
1.688259998865549266e+08 3.005538875146650639e+02
1.687008079244939387e+08 3.009525000975758076e+02
1.685756628811539114e+08 3.013511126804864375e+02
1.684505843815377355e+08 3.017497252633971812e+02
1.683255920402131379e+08 3.021483378463078679e+02
1.682007054582366049e+08 3.025469504292185547e+02
1.680759442200796604e+08 3.029455630121292415e+02
1.679513278905576766e+08 3.033441755950399852e+02
1.678268760117617846e+08 3.037427881779506151e+02
1.677026080999941230e+08 3.041414007608613588e+02
1.675785436427076161e+08 3.045400133437720456e+02
1.674547020954497755e+08 3.049386259266827892e+02
1.673311028788118660e+08 3.053372385095934192e+02
1.672077653753832281e+08 3.057358510925041628e+02
1.670847089267119765e+08 3.061344636754147928e+02
1.669619528302716017e+08 3.065330762583255364e+02
1.668395163364351094e+08 3.069316888412362232e+02
1.667174186454559267e+08 3.073303014241469668e+02
1.665956789044571519e+08 3.077289140070575968e+02
1.664743162044287622e+08 3.081275265899683404e+02
1.663533495772340298e+08 3.085261391728790272e+02
1.662327979926247597e+08 3.089247517557897140e+02
1.661126803552666008e+08 3.093233643387004008e+02
1.659930155017744303e+08 3.097219769216111445e+02
1.658738221977584958e+08 3.101205895045217744e+02
1.657551191348814964e+08 3.105192020874325181e+02
1.656369249279275239e+08 3.109178146703432049e+02
1.655192581118828356e+08 3.113164272532538916e+02
1.654021371390292645e+08 3.117150398361645784e+02
1.652855803760505617e+08 3.121136524190753221e+02
1.651696061011523008e+08 3.125122650019859520e+02
1.650542325011951923e+08 3.129108775848966957e+02
1.649394776688434780e+08 3.133094901678073825e+02
1.648253595997273624e+08 3.137081027507180693e+02
1.647118961896210313e+08 3.141067153336287561e+02
1.645991052316364050e+08 3.145053279165394429e+02
1.644870044134327173e+08 3.149039404994501297e+02
1.643756113144428134e+08 3.153025530823608733e+02
1.642649434031164348e+08 3.157011656652715601e+02
1.641550180341807604e+08 3.160997782481822469e+02
1.640458524459189177e+08 3.164983908310929337e+02
1.639374637574667037e+08 3.168970034140036205e+02
1.638298689661279917e+08 3.172956159969143073e+02
1.637230849447092414e+08 3.176942285798250509e+02
1.636171284388735890e+08 3.180928411627357377e+02
1.635120160645146966e+08 3.184914537456464245e+02
1.634077643051512837e+08 3.188900663285571113e+02
1.633043895093419552e+08 3.192886789114677981e+02
1.632019078881217539e+08 3.196872914943784849e+02
1.631003355124596655e+08 3.200859040772892286e+02
1.629996883107386529e+08 3.204845166601999722e+02
1.628999820662576556e+08 3.208831292431106021e+02
1.628012324147565365e+08 3.212817418260212321e+02
1.627034548419640362e+08 3.216803544089319757e+02
1.626066646811695099e+08 3.220789669918426625e+02
1.625108771108182371e+08 3.224775795747533493e+02
1.624161071521311402e+08 3.228761921576640361e+02
1.623223696667493582e+08 3.232748047405747798e+02
1.622296793544034958e+08 3.236734173234854666e+02
1.621380507506085634e+08 3.240720299063961534e+02
1.620474982243844569e+08 3.244706424893068402e+02
1.619580359760026932e+08 3.248692550722175838e+02
1.618696780347594917e+08 3.252678676551282706e+02
1.617824382567759156e+08 3.256664802380389006e+02
1.616963303228245676e+08 3.260650928209495873e+02
1.616113677361847460e+08 3.264637054038603310e+02
1.615275638205244243e+08 3.268623179867710178e+02
1.614449317178111076e+08 3.272609305696817046e+02
1.613634843862508833e+08 3.276595431525923914e+02
1.612832345982562602e+08 3.280581557355031350e+02
1.612041949384433627e+08 3.284567683184138218e+02
1.611263778016582727e+08 3.288553809013245086e+02
1.610497953910335004e+08 3.292539934842351954e+02
1.609744597160740793e+08 3.296526060671459391e+02
1.609003825907744765e+08 3.300512186500566258e+02
1.608275756317657530e+08 3.304498312329673126e+02
1.607560502564939857e+08 3.308484438158779426e+02
1.606858176814298034e+08 3.312470563987886862e+02
1.606168889203093648e+08 3.316456689816993730e+02
1.605492747824073434e+08 3.320442815646100598e+02
1.604829858708416224e+08 3.324428941475207466e+02
1.604180325809107721e+08 3.328415067304314903e+02
1.603544250984637141e+08 3.332401193133421771e+02
1.602921733983024955e+08 3.336387318962528639e+02
1.602312872426179051e+08 3.340373444791635507e+02
1.601717761794588268e+08 3.344359570620742943e+02
1.601136495412347615e+08 3.348345696449849811e+02
1.600569164432523549e+08 3.352331822278956679e+02
1.600015857822859585e+08 3.356317948108062978e+02
1.599476662351825237e+08 3.360304073937170415e+02
1.598951662575007975e+08 3.364290199766277283e+02
1.598440940821855068e+08 3.368276325595384151e+02
1.597944577182760537e+08 3.372262451424491019e+02
1.597462649496507943e+08 3.376248577253598455e+02
1.596995233338061869e+08 3.380234703082704755e+02
1.596542402006717920e+08 3.384220828911811623e+02
1.596104226514606774e+08 3.388206954740919059e+02
1.595680775575559139e+08 3.392193080570026495e+02
1.595272115594330430e+08 3.396179206399133363e+02
1.594878310656185746e+08 3.400165332228240231e+02
1.594499422516851723e+08 3.404151458057346531e+02
1.594135510592831075e+08 3.408137583886453967e+02
1.593786631952086687e+08 3.412123709715560835e+02
1.593452841305089295e+08 3.416109835544667703e+02
1.593134190996241271e+08 3.420095961373774571e+02
1.592830730995665789e+08 3.424082087202882008e+02
1.592542508891371489e+08 3.428068213031988307e+02
1.592269569881789982e+08 3.432054338861095175e+02
1.592011956768686771e+08 3.436040464690202612e+02
1.591769709950450659e+08 3.440026590519310048e+02
1.591542867415758371e+08 3.444012716348416916e+02
1.591331464737615585e+08 3.447998842177523784e+02
1.591135535067780316e+08 3.451984968006630083e+02
1.590955109131563306e+08 3.455971093835737520e+02
1.590790215223010182e+08 3.459957219664844388e+02
1.590640879200463593e+08 3.463943345493951256e+02
1.590507124482509196e+08 3.467929471323058124e+02
1.590388972044301927e+08 3.471915597152165560e+02
1.590286440414278209e+08 3.475901722981271860e+02
1.590199545671249330e+08 3.479887848810378728e+02
1.590128301441880465e+08 3.483873974639485596e+02
1.590072718898553550e+08 3.487860100468593600e+02
1.590032806757614911e+08 3.491846226297700468e+02
1.590008571278009117e+08 3.495832352126807336e+02
1.590000016260297298e+08 3.499818477955913636e+02
1.590007143046060801e+08 3.503804603785021072e+02
1.590029950517690480e+08 3.507790729614127940e+02
1.590068435098563135e+08 3.511776855443234808e+02
1.590122590753601491e+08 3.515762981272341676e+02
1.590192408990220428e+08 3.519749107101449113e+02
1.590277878859660029e+08 3.523735232930555981e+02
1.590378986958701015e+08 3.527721358759662280e+02
1.590495717431766987e+08 3.531707484588769148e+02
1.590628051973412037e+08 3.535693610417876585e+02
1.590775969831190109e+08 3.539679736246984021e+02
1.590939447808909416e+08 3.543665862076090889e+02
1.591118460270270407e+08 3.547651987905197188e+02
1.591312979142886698e+08 3.551638113734304625e+02
1.591522973922685683e+08 3.555624239563411493e+02
1.591748411678692997e+08 3.559610365392518361e+02
1.591989257058197558e+08 3.563596491221625229e+02
1.592245472292294204e+08 3.567582617050732665e+02
1.592517017201806307e+08 3.571568742879839533e+02
1.592803849203588367e+08 3.575554868708945833e+02
1.593105923317202032e+08 3.579540994538052701e+02
1.593423192171971202e+08 3.583527120367160137e+02
1.593755606014408767e+08 3.587513246196267573e+02
1.594103112716021240e+08 3.591499372025374441e+02
1.594465657781481743e+08 3.595485497854481878e+02
1.594843184357176125e+08 3.599471623683588177e+02
1.595235633240119219e+08 3.603457749512695045e+02
1.595642942887238562e+08 3.607443875341801913e+02
1.596065049425024986e+08 3.611430001170908781e+02
1.596501886659550667e+08 3.615416127000016218e+02
1.596953386086847186e+08 3.619402252829123086e+02
1.597419476903650463e+08 3.623388378658229954e+02
1.597900086018502712e+08 3.627374504487336253e+02
1.598395138063215017e+08 3.631360630316443689e+02
1.598904555404685438e+08 3.635346756145550557e+02
1.599428258157075047e+08 3.639332881974657994e+02
1.599966164194333851e+08 3.643319007803765430e+02
1.600518189163080752e+08 3.647305133632871730e+02
1.601084246495830715e+08 3.651291259461978598e+02
1.601664247424570918e+08 3.655277385291085466e+02
1.602258100994680524e+08 3.659263511120192334e+02
1.602865714079195261e+08 3.663249636949299770e+02
1.603486991393409073e+08 3.667235762778406638e+02
1.604121835509819388e+08 3.671221888607513506e+02
1.604770146873402297e+08 3.675208014436619806e+02
1.605431823817228377e+08 3.679194140265727242e+02
1.606106762578402162e+08 3.683180266094834110e+02
1.606794857314336896e+08 3.687166391923941546e+02
1.607496000119350255e+08 3.691152517753048983e+02
1.608210081041587591e+08 3.695138643582155282e+02
1.608936988100264370e+08 3.699124769411262150e+02
1.609676607303225100e+08 3.703110895240369018e+02
1.610428822664820850e+08 3.707097021069475886e+02
1.611193516224098802e+08 3.711083146898583323e+02
1.611970568063297570e+08 3.715069272727690191e+02
1.612759856326654851e+08 3.719055398556797059e+02
1.613561257239516377e+08 3.723041524385904495e+02
1.614374645127745867e+08 3.727027650215010794e+02
1.615199892437431812e+08 3.731013776044117662e+02
1.616036869754892588e+08 3.734999901873224530e+02
1.616885445826968551e+08 3.738986027702332535e+02
1.617745487581605613e+08 3.742972153531438835e+02
1.618616860148724616e+08 3.746958279360545703e+02
1.619499426881369650e+08 3.750944405189652571e+02
1.620393049377137423e+08 3.754930531018759439e+02
1.621297587499882281e+08 3.758916656847866875e+02
1.622212899401689768e+08 3.762902782676973743e+02
1.623138841545123160e+08 3.766888908506080611e+02
1.624075268725731373e+08 3.770875034335188047e+02
1.625022034094820619e+08 3.774861160164294347e+02
1.625978989182482064e+08 3.778847285993401215e+02
1.626945983920875192e+08 3.782833411822508083e+02
1.627922866667761207e+08 3.786819537651616088e+02
1.628909484230281711e+08 3.790805663480722387e+02
1.629905681888985336e+08 3.794791789309829255e+02
1.630911303422086835e+08 3.798777915138936123e+02
1.631926191129968464e+08 3.802764040968042991e+02
1.632950185859909058e+08 3.806750166797150428e+02
1.633983127031040192e+08 3.810736292626257296e+02
1.635024852659531832e+08 3.814722418455364163e+02
1.636075199383991063e+08 3.818708544284471600e+02
1.637134002491082549e+08 3.822694670113578468e+02
1.638201095941356421e+08 3.826680795942684767e+02
1.639276312395287752e+08 3.830666921771791635e+02
1.640359483239518404e+08 3.834653047600898503e+02
1.641450438613297045e+08 3.838639173430006508e+02
1.642549007435118258e+08 3.842625299259112808e+02
1.643655017429550588e+08 3.846611425088219676e+02
1.644768295154251754e+08 3.850597550917326544e+02
1.645888666027168930e+08 3.854583676746433980e+02
1.647015954353914857e+08 3.858569802575540848e+02
1.648149983355320394e+08 3.862555928404647716e+02
1.649290575195157826e+08 3.866542054233755152e+02
1.650437551008026898e+08 3.870528180062862020e+02
1.651590730927405655e+08 3.874514305891968320e+02
1.652749934113855958e+08 3.878500431721075188e+02
1.653914978783382773e+08 3.882486557550182056e+02
1.655085682235941291e+08 3.886472683379290061e+02
1.656261860884086192e+08 3.890458809208396360e+02
1.657443330281763375e+08 3.894444935037503228e+02
1.658629905153234601e+08 3.898431060866610665e+02
1.659821399422129393e+08 3.902417186695717533e+02
1.661017626240627766e+08 3.906403312524824400e+02
1.662218398018760383e+08 3.910389438353931268e+02
1.663423526453826427e+08 3.914375564183038705e+02
1.664632822559922338e+08 3.918361690012145573e+02
1.665846096697578430e+08 3.922347815841252441e+02
1.667063158603497744e+08 3.926333941670358740e+02
1.668283817420393229e+08 3.930320067499465608e+02
1.669507881726917028e+08 3.934306193328573045e+02
1.670735159567678571e+08 3.938292319157679344e+02
1.671965458483347893e+08 3.942278444986786781e+02
1.673198585540835559e+08 3.946264570815894217e+02
1.674434347363547981e+08 3.950250696645001085e+02
1.675672550161713362e+08 3.954236822474107953e+02
1.676912999762770832e+08 3.958222948303214821e+02
1.678155501641819775e+08 3.962209074132322257e+02
1.679399860952126086e+08 3.966195199961429125e+02
1.680645882555676103e+08 3.970181325790535993e+02
1.681893371053779125e+08 3.974167451619642293e+02
1.683142130817708671e+08 3.978153577448749161e+02
1.684391966019381285e+08 3.982139703277856597e+02
1.685642680662063956e+08 3.986125829106962897e+02
1.686894078611113131e+08 3.990111954936070333e+02
1.688145963624730408e+08 3.994098080765177770e+02
1.689398139384735227e+08 3.998084206594284638e+02
1.690650409527354240e+08 4.002070332423391505e+02
1.691902577674012780e+08 4.006056458252498373e+02
1.693154447462131083e+08 4.010042584081605810e+02
1.694405822575917244e+08 4.014028709910712678e+02
1.695656506777153313e+08 4.018014835739819546e+02
1.696906303935968578e+08 4.022000961568926414e+02
1.698155018061597049e+08 4.025987087398032713e+02
1.699402453333112299e+08 4.029973213227140150e+02
1.700648414130133688e+08 4.033959339056246449e+02
1.701892705063506365e+08 4.037945464885353317e+02
1.703135131005940735e+08 4.041931590714461322e+02
1.704375497122609019e+08 4.045917716543568190e+02
1.705613608901703358e+08 4.049903842372675058e+02
1.706849272184936106e+08 4.053889968201781926e+02
1.708082293197988570e+08 4.057876094030889362e+02
1.709312478580896854e+08 4.061862219859996230e+02
1.710539635418375134e+08 4.065848345689103098e+02
1.711763571270068884e+08 4.069834471518209966e+02
1.712984094200732112e+08 4.073820597347316266e+02
1.714201012810325921e+08 4.077806723176423702e+02
1.715414136264035106e+08 4.081792849005530570e+02
1.716623274322191775e+08 4.085778974834636870e+02
1.717828237370112538e+08 4.089765100663744875e+02
1.719028836447828710e+08 4.093751226492851742e+02
1.720224883279721439e+08 4.097737352321958610e+02
1.721416190304046571e+08 4.101723478151065478e+02
1.722602570702348351e+08 4.105709603980172915e+02
1.723783838428753316e+08 4.109695729809279783e+02
1.724959808239147961e+08 4.113681855638386651e+02
1.726130295720227957e+08 4.117667981467493519e+02
1.727295117318416536e+08 4.121654107296600955e+02
1.728454090368650556e+08 4.125640233125707255e+02
1.729607033123024404e+08 4.129626358954814123e+02
1.730753764779291153e+08 4.133612484783920422e+02
1.731894105509217680e+08 4.137598610613027290e+02
1.733027876486782730e+08 4.141584736442135295e+02
1.734154899916220307e+08 4.145570862271242163e+02
1.735274999059901834e+08 4.149556988100349031e+02
1.736387998266053498e+08 4.153543113929456467e+02
1.737493722996298075e+08 4.157529239758563335e+02
1.738591999853028357e+08 4.161515365587670203e+02
1.739682656606597900e+08 4.165501491416777071e+02
1.740765522222330272e+08 4.169487617245884508e+02
1.741840426887339950e+08 4.173473743074990807e+02
1.742907202037162781e+08 4.177459868904097675e+02
1.743965680382188857e+08 4.181445994733203975e+02
1.745015695933897197e+08 4.185432120562310843e+02
1.746057084030886292e+08 4.189418246391418847e+02
1.747089681364694238e+08 4.193404372220525715e+02
1.748113326005409956e+08 4.197390498049632583e+02
1.749127857427067161e+08 4.201376623878740020e+02
1.750133116532815993e+08 4.205362749707846888e+02
1.751128945679872930e+08 4.209348875536953756e+02
1.752115188704243302e+08 4.213335001366060624e+02
1.753091690945208967e+08 4.217321127195168060e+02
1.754058299269582927e+08 4.221307253024274928e+02
1.755014862095721960e+08 4.225293378853381228e+02
1.755961229417299926e+08 4.229279504682487527e+02
1.756897252826828957e+08 4.233265630511594395e+02
1.757822785538933873e+08 4.237251756340701832e+02
1.758737682413369715e+08 4.241237882169809268e+02
1.759641799977783263e+08 4.245224007998916136e+02
1.760534996450212002e+08 4.249210133828023572e+02
1.761417131761317849e+08 4.253196259657130440e+02
1.762288067576352060e+08 4.257182385486237308e+02
1.763147667316849530e+08 4.261168511315344176e+02
1.763995796182046533e+08 4.265154637144451613e+02
1.764832321170019805e+08 4.269140762973558481e+02
1.765657111098543108e+08 4.273126888802665349e+02
1.766470036625659466e+08 4.277113014631771080e+02
1.767270970269965231e+08 4.281099140460877948e+02
1.768059786430599689e+08 4.285085266289985384e+02
1.768836361406942606e+08 4.289071392119092820e+02
1.769600573418012261e+08 4.293057517948199688e+02
1.770352302621563971e+08 4.297043643777307125e+02
1.771091431132881641e+08 4.301029769606413993e+02
1.771817843043265939e+08 4.305015895435520861e+02
1.772531424438210726e+08 4.309002021264627729e+02
1.773232063415265083e+08 4.312988147093735165e+02
1.773919650101584196e+08 4.316974272922842033e+02
1.774594076671157479e+08 4.320960398751948901e+02
1.775255237361718416e+08 4.324946524581055201e+02
1.775903028491330147e+08 4.328932650410161500e+02
1.776537348474644423e+08 4.332918776239268936e+02
1.777158097838831544e+08 4.336904902068375804e+02
1.777765179239180386e+08 4.340891027897483241e+02
1.778358497474363446e+08 4.344877153726590677e+02
1.778937959501366019e+08 4.348863279555697545e+02
1.779503474450077116e+08 4.352849405384804413e+02
1.780054953637539148e+08 4.356835531213911850e+02
1.780592310581855774e+08 4.360821657043018718e+02
1.781115461015753150e+08 4.364807782872125586e+02
1.781624322899795473e+08 4.368793908701232453e+02
1.782118816435248852e+08 4.372780034530339890e+02
1.782598864076596200e+08 4.376766160359445053e+02
1.783064390543697774e+08 4.380752286188552489e+02
1.783515322833595872e+08 4.384738412017659357e+02
1.783951590231963396e+08 4.388724537846766225e+02
1.784373124324193597e+08 4.392710663675874230e+02
1.784779859006127417e+08 4.396696789504981098e+02
1.785171730494420826e+08 4.400682915334087966e+02
1.785548677336547673e+08 4.404669041163195402e+02
1.785910640420435071e+08 4.408655166992302270e+02
1.786257562983734310e+08 4.412641292821409138e+02
1.786589390622721910e+08 4.416627418650516006e+02
1.786906071300831437e+08 4.420613544479623442e+02
1.787207555356813073e+08 4.424599670308729742e+02
1.787493795512522161e+08 4.428585796137836041e+02
1.787764746880332232e+08 4.432571921966942909e+02
1.788020366970175803e+08 4.436558047796049777e+02
1.788260615696206093e+08 4.440544173625157782e+02
1.788485455383083820e+08 4.444530299454264650e+02
1.788694850771885514e+08 4.448516425283371518e+02
1.788888769025632441e+08 4.452502551112478955e+02
1.789067179734440446e+08 4.456488676941585823e+02
1.789230054920287728e+08 4.460474802770692691e+02
1.789377369041403830e+08 4.464460928599799558e+02
1.789509098996274471e+08 4.468447054428906995e+02
1.789625224127262831e+08 4.472433180258013294e+02
1.789725726223851740e+08 4.476419306087119594e+02
1.789810589525496960e+08 4.480405431916226462e+02
1.789879800724100769e+08 4.484391557745333330e+02
1.789933348966096640e+08 4.488377683574440198e+02
1.789971225854153037e+08 4.492363809403548203e+02
1.789993425448490381e+08 4.496349935232655071e+02
1.789999944267811179e+08 4.500336061061762507e+02
1.789990781289846599e+08 4.504322186890869375e+02
1.789965937951517403e+08 4.508308312719976243e+02
1.789925418148707449e+08 4.512294438549083111e+02
1.789869228235653639e+08 4.516280564378190547e+02
1.789797377023949325e+08 4.520266690207296847e+02
1.789709875781161785e+08 4.524252816036403715e+02
1.789606738229066730e+08 4.528238941865510014e+02
1.789487980541494787e+08 4.532225067694616882e+02
1.789353621341795921e+08 4.536211193523723750e+02
1.789203681699919105e+08 4.540197319352831755e+02
1.789038185129109025e+08 4.544183445181938623e+02
1.788857157582215667e+08 4.548169571011046060e+02
1.788660627447628677e+08 4.552155696840152928e+02
1.788448625544822514e+08 4.556141822669259795e+02
1.788221185119523704e+08 4.560127948498366663e+02
1.787978341838499308e+08 4.564114074327474100e+02
1.787720133783960938e+08 4.568100200156580968e+02
1.787446601447595358e+08 4.572086325985687267e+02
1.787157787724212706e+08 4.576072451814793567e+02
1.786853737905021012e+08 4.580058577643900435e+02
1.786534499670522809e+08 4.584044703473007303e+02
1.786200123083039224e+08 4.588030829302114739e+02
1.785850660578857958e+08 4.592016955131222176e+02
1.785486166960010827e+08 4.596003080960329612e+02
1.785106699385680258e+08 4.599989206789436480e+02
1.784712317363235354e+08 4.603975332618543348e+02
1.784303082738899589e+08 4.607961458447650216e+02
1.783879059688053131e+08 4.611947584276757652e+02
1.783440314705168605e+08 4.615933710105864520e+02
1.782986916593382359e+08 4.619919835934970820e+02
1.782518936453707516e+08 4.623905961764077688e+02
1.782036447673881650e+08 4.627892087593183987e+02
1.781539525916859210e+08 4.631878213422290855e+02
1.781028249108946025e+08 4.635864339251398292e+02
1.780502697427579761e+08 4.639850465080505728e+02
1.779962953288755119e+08 4.643836590909613165e+02
1.779409101334101856e+08 4.647822716738720032e+02
1.778841228417608440e+08 4.651808842567826900e+02
1.778259423592004180e+08 4.655794968396933768e+02
1.777663778094793558e+08 4.659781094226041205e+02
1.777054385333947837e+08 4.663767220055148073e+02
1.776431340873257816e+08 4.667753345884254372e+02
1.775794742417347431e+08 4.671739471713361240e+02
1.775144689796351194e+08 4.675725597542467540e+02
1.774481284950260520e+08 4.679711723371574976e+02
1.773804631912936270e+08 4.683697849200681844e+02
1.773114836795795858e+08 4.687683975029788712e+02
1.772412007771170437e+08 4.691670100858896717e+02
1.771696255055345595e+08 4.695656226688003585e+02
1.770967690891273022e+08 4.699642352517110453e+02
1.770226429530972242e+08 4.703628478346217321e+02
1.769472587217611372e+08 4.707614604175324757e+02
1.768706282167279720e+08 4.711600730004431625e+02
1.767927634550449550e+08 4.715586855833537925e+02
1.767136766473129094e+08 4.719572981662644793e+02
1.766333801957716048e+08 4.723559107491752229e+02
1.765518866923548877e+08 4.727545233320858529e+02
1.764692089167158306e+08 4.731531359149965397e+02
1.763853598342228830e+08 4.735517484979072265e+02
1.763003525939263999e+08 4.739503610808180269e+02
1.762142005264970362e+08 4.743489736637287137e+02
1.761269171421348453e+08 4.747475862466394005e+02
1.760385161284508705e+08 4.751461988295500873e+02
1.759490113483205736e+08 4.755448114124608310e+02
1.758584168377099931e+08 4.759434239953715178e+02
1.757667468034745455e+08 4.763420365782821477e+02
1.756740156211311519e+08 4.767406491611928345e+02
1.755802378326039612e+08 4.771392617441035782e+02
1.754854281439439058e+08 4.775378743270142081e+02
1.753896014230224192e+08 4.779364869099248949e+02
1.752927726972000003e+08 4.783350994928355817e+02
1.751949571509695947e+08 4.787337120757462685e+02
1.750961701235754192e+08 4.791323246586570690e+02
1.749964271066075265e+08 4.795309372415677558e+02
1.748957437415723801e+08 4.799295498244784426e+02
1.747941358174398839e+08 4.803281624073891862e+02
1.746916192681677043e+08 4.807267749902998730e+02
1.745882101702022254e+08 4.811253875732105030e+02
1.744839247399575710e+08 4.815240001561211898e+02
1.743787793312726021e+08 4.819226127390319334e+02
1.742727904328464270e+08 4.823212253219426202e+02
1.741659746656524539e+08 4.827198379048532502e+02
1.740583487803321481e+08 4.831184504877639370e+02
1.739499296545680165e+08 4.835170630706746238e+02
1.738407342904370427e+08 4.839156756535853674e+02
1.737307798117444515e+08 4.843142882364961110e+02
1.736200834613383710e+08 4.847129008194067978e+02
1.735086625984056294e+08 4.851115134023175415e+02
1.733965346957499087e+08 4.855101259852282283e+02
1.732837173370513916e+08 4.859087385681389151e+02
1.731702282141094208e+08 4.863073511510495450e+02
1.730560851240680814e+08 4.867059637339602887e+02
1.729413059666253924e+08 4.871045763168709755e+02
1.728259087412261963e+08 4.875031888997816054e+02
1.727099115442394614e+08 4.879018014826922922e+02
1.725933325661206543e+08 4.883004140656029790e+02
1.724761900885590017e+08 4.886990266485137226e+02
1.723585024816105664e+08 4.890976392314244663e+02
1.722402882008177042e+08 4.894962518143351531e+02
1.721215657843144536e+08 4.898948643972458967e+02
1.720023538499200046e+08 4.902934769801565835e+02
1.718826710922186077e+08 4.906920895630672703e+02
1.717625362796282470e+08 4.910907021459779003e+02
1.716419682514570951e+08 4.914893147288886439e+02
1.715209859149495065e+08 4.918879273117993307e+02
1.713996082423208356e+08 4.922865398947100175e+02
1.712778542677822411e+08 4.926851524776206475e+02
1.711557430845558345e+08 4.930837650605313343e+02
1.710332938418804705e+08 4.934823776434420779e+02
1.709105257420089543e+08 4.938809902263527647e+02
1.707874580371964872e+08 4.942796028092635083e+02
1.706641100266818404e+08 4.946782153921742520e+02
1.705405010536607802e+08 4.950768279750849388e+02
1.704166505022526979e+08 4.954754405579956256e+02
1.702925777944608033e+08 4.958740531409062555e+02
1.701683023871264160e+08 4.962726657238169992e+02
1.700438437688779235e+08 4.966712783067276860e+02
1.699192214570743740e+08 4.970698908896383728e+02
1.697944549947450161e+08 4.974685034725490027e+02
1.696695639475243986e+08 4.978671160554596895e+02
1.695445679005843103e+08 4.982657286383704331e+02
1.694194864555623829e+08 4.986643412212811199e+02
1.692943392274881899e+08 4.990629538041918636e+02
1.691691458417072594e+08 4.994615663871026072e+02
1.690439259308035672e+08 4.998601789700132940e+02
1.689186991315206289e+08 5.002587915529239808e+02
1.687934850816822052e+08 5.006574041358346108e+02
1.686683034171126485e+08 5.010560167187453544e+02
1.685431737685577869e+08 5.014546293016560412e+02
1.684181157586064339e+08 5.018532418845667280e+02
1.682931489986130893e+08 5.022518544674774148e+02
1.681682930856227279e+08 5.026504670503880448e+02
1.680435675992973149e+08 5.030490796332987884e+02
1.679189920988457501e+08 5.034476922162094752e+02
1.677945861199564040e+08 5.038463047991201620e+02
1.676703691717334390e+08 5.042449173820309625e+02
1.675463607336378694e+08 5.046435299649416493e+02
1.674225802524323463e+08 5.050421425478523361e+02
1.672990471391318440e+08 5.054407551307629660e+02
1.671757807659595609e+08 5.058393677136737097e+02
1.670528004633090198e+08 5.062379802965843965e+02
1.669301255167127550e+08 5.066365928794950833e+02
1.668077751638179123e+08 5.070352054624057700e+02
1.666857685913695395e+08 5.074338180453164000e+02
1.665641249322015941e+08 5.078324306282271436e+02
1.664428632622368038e+08 5.082310432111378304e+02
1.663220025974950492e+08 5.086296557940485172e+02
1.662015618911112547e+08 5.090282683769593177e+02
1.660815600303635001e+08 5.094268809598700045e+02
1.659620158337106705e+08 5.098254935427806913e+02
1.658429480478419363e+08 5.102241061256914350e+02
1.657243753447364271e+08 5.106227187086020649e+02
1.656063163187354505e+08 5.110213312915127517e+02
1.654887894836264849e+08 5.114199438744234385e+02
1.653718132697398067e+08 5.118185564573341253e+02
1.652554060210584402e+08 5.122171690402448121e+02
1.651395859923412204e+08 5.126157816231554989e+02
1.650243713462604880e+08 5.130143942060661857e+02
1.649097801505535245e+08 5.134130067889768725e+02
1.647958303751893044e+08 5.138116193718875593e+02
1.646825398895505667e+08 5.142102319547983598e+02
1.645699264596316516e+08 5.146088445377090466e+02
1.644580077452520728e+08 5.150074571206197334e+02
1.643468012972875834e+08 5.154060697035304202e+02
1.642363245549175441e+08 5.158046822864411070e+02
1.641265948428905308e+08 5.162032948693517937e+02
1.640176293688070178e+08 5.166019074522624805e+02
1.639094452204213440e+08 5.170005200351731673e+02
1.638020593629618287e+08 5.173991326180838541e+02
1.636954886364703178e+08 5.177977452009945409e+02
1.635897497531614304e+08 5.181963577839052277e+02
1.634848592948016524e+08 5.185949703668159145e+02
1.633808337101093233e+08 5.189935829497266013e+02
1.632776893121747375e+08 5.193921955326374018e+02
1.631754422759024203e+08 5.197908081155480886e+02
1.630741086354741752e+08 5.201894206984587754e+02
1.629737042818350196e+08 5.205880332813694622e+02
1.628742449602008462e+08 5.209866458642801490e+02
1.627757462675895989e+08 5.213852584471908358e+02
1.626782236503751576e+08 5.217838710301015226e+02
1.625816924018652439e+08 5.221824836130122094e+02
1.624861676599029303e+08 5.225810961959228962e+02
1.623916644044929743e+08 5.229797087788335830e+02
1.622981974554526210e+08 5.233783213617442698e+02
1.622057814700874388e+08 5.237769339446549566e+02
1.621144309408930540e+08 5.241755465275657571e+02
1.620241601932822466e+08 5.245741591104764439e+02
1.619349833833385408e+08 5.249727716933871307e+02
1.618469144955963194e+08 5.253713842762978175e+02
1.617599673408476710e+08 5.257699968592085042e+02
1.616741555539768040e+08 5.261686094421191910e+02
1.615894925918216407e+08 5.265672220250298778e+02
1.615059917310636938e+08 5.269658346079405646e+02
1.614236660661459863e+08 5.273644471908513651e+02
1.613425285072196126e+08 5.277630597737619382e+02
1.612625917781191766e+08 5.281616723566726250e+02
1.611838684143674076e+08 5.285602849395833118e+02
1.611063707612095773e+08 5.289588975224941123e+02
1.610301109716773033e+08 5.293575101054047991e+02
1.609551010046828985e+08 5.297561226883154859e+02
1.608813526231438220e+08 5.301547352712261727e+02
1.608088773921382427e+08 5.305533478541368595e+02
1.607376866770913005e+08 5.309519604370475463e+02
1.606677916419928372e+08 5.313505730199582331e+02
1.605992032476466894e+08 5.317491856028689199e+02
1.605319322499517798e+08 5.321477981857797204e+02
1.604659891982155442e+08 5.325464107686902935e+02
1.604013844334993660e+08 5.329450233516009803e+02
1.603381280869971812e+08 5.333436359345116671e+02
1.602762300784465075e+08 5.337422485174224676e+02
1.602157001145730317e+08 5.341408611003331544e+02
1.601565476875682175e+08 5.345394736832438412e+02
1.600987820736009777e+08 5.349380862661545279e+02
1.600424123313628137e+08 5.353366988490652147e+02
1.599874473006473780e+08 5.357353114319759015e+02
1.599338956009641588e+08 5.361339240148865883e+02
1.598817656301867664e+08 5.365325365977973888e+02
1.598310655632362366e+08 5.369311491807080756e+02
1.597818033507986069e+08 5.373297617636187624e+02
1.597339867180785239e+08 5.377283743465293355e+02
1.596876231635875702e+08 5.381269869294400223e+02
1.596427199579683840e+08 5.385255995123508228e+02
1.595992841428546309e+08 5.389242120952615096e+02
1.595573225297665596e+08 5.393228246781721964e+02
1.595168416990429759e+08 5.397214372610828832e+02
1.594778479988091588e+08 5.401200498439935700e+02
1.594403475439815819e+08 5.405186624269042568e+02
1.594043462153088152e+08 5.409172750098149436e+02
1.593698496584494114e+08 5.413158875927257441e+02
1.593368632830864787e+08 5.417145001756364309e+02
1.593053922620794475e+08 5.421131127585471177e+02
1.592754415306527615e+08 5.425117253414576908e+02
1.592470157856220007e+08 5.429103379243683776e+02
1.592201194846574366e+08 5.433089505072791781e+02
1.591947568455847502e+08 5.437075630901898649e+02
1.591709318457238078e+08 5.441061756731005516e+02
1.591486482212648988e+08 5.445047882560112384e+02
1.591279094666827619e+08 5.449034008389219252e+02
1.591087188341886997e+08 5.453020134218326120e+02
1.590910793332204223e+08 5.457006260047432988e+02
1.590749937299703062e+08 5.460992385876540993e+02
1.590604645469514132e+08 5.464978511705647861e+02
1.590474940626020730e+08 5.468964637534754729e+02
1.590360843109284639e+08 5.472950763363861597e+02
1.590262370811856985e+08 5.476936889192967328e+02
1.590179539175972939e+08 5.480923015022075333e+02
1.590112361191128194e+08 5.484909140851182201e+02
1.590060847392044663e+08 5.488895266680289069e+02
1.590025005857016146e+08 5.492881392509395937e+02
1.590004842206642628e+08 5.496867518338502805e+02
1.590000359602948725e+08 5.500853644167609673e+02
1.590011558748887777e+08 5.504839769996716541e+02
1.590038437888230979e+08 5.508825895825824546e+02
1.590080992805844247e+08 5.512812021654931414e+02
1.590139216828348041e+08 5.516798147484038282e+02
1.590213100825163722e+08 5.520784273313145150e+02
1.590302633209946454e+08 5.524770399142250881e+02
1.590407799942401350e+08 5.528756524971358886e+02
1.590528584530485272e+08 5.532742650800465753e+02
1.590664968032993376e+08 5.536728776629572621e+02
1.590816929062529504e+08 5.540714902458678353e+02
1.590984443788859844e+08 5.544701028287786357e+02
1.591167485942649543e+08 5.548687154116893225e+02
1.591366026819583774e+08 5.552673279946000093e+02
1.591580035284866691e+08 5.556659405775108098e+02
1.591809477778106332e+08 5.560645531604214966e+02
1.592054318318575621e+08 5.564631657433321834e+02
1.592314518510856032e+08 5.568617783262428702e+02
1.592590037550858259e+08 5.572603909091535570e+02
1.592880832232221067e+08 5.576590034920642438e+02
1.593186856953085959e+08 5.580576160749749306e+02
1.593508063723250329e+08 5.584562286578856174e+02
1.593844402171691358e+08 5.588548412407961905e+02
1.594195819554466307e+08 5.592534538237068773e+02
1.594562260762982368e+08 5.596520664066176778e+02
1.594943668332640529e+08 5.600506789895283646e+02
1.595339982451845109e+08 5.604492915724391651e+02
1.595751140971384943e+08 5.608479041553498519e+02
1.596177079414178431e+08 5.612465167382605387e+02
1.596617730985384881e+08 5.616451293211712255e+02
1.597073026582880318e+08 5.620437419040819123e+02
1.597542894808091819e+08 5.624423544869925990e+02
1.598027261977196038e+08 5.628409670699032858e+02
1.598526052132672668e+08 5.632395796528139726e+02
1.599039187055217624e+08 5.636381922357246594e+02
1.599566586276006997e+08 5.640368048186352326e+02
1.600108167089318633e+08 5.644354174015460330e+02
1.600663844565499425e+08 5.648340299844567198e+02
1.601233531564286351e+08 5.652326425673675203e+02
1.601817138748468161e+08 5.656312551502782071e+02
1.602414574597898722e+08 5.660298677331888939e+02
1.603025745423847139e+08 5.664284803160995807e+02
1.603650555383690000e+08 5.668270928990102675e+02
1.604288906495940983e+08 5.672257054819209543e+02
1.604940698655617535e+08 5.676243180648316411e+02
1.605605829649936855e+08 5.680229306477423279e+02
1.606284195174347162e+08 5.684215432306530147e+02
1.606975688848882318e+08 5.688201558135637015e+02
1.607680202234845757e+08 5.692187683964743883e+02
1.608397624851815403e+08 5.696173809793850751e+02
1.609127844194967449e+08 5.700159935622958756e+02
1.609870745752720833e+08 5.704146061452065624e+02
1.610626213024694622e+08 5.708132187281172492e+02
1.611394127539976835e+08 5.712118313110279360e+02
1.612174368875702322e+08 5.716104438939386228e+02
1.612966814675938487e+08 5.720090564768493095e+02
1.613771340670872331e+08 5.724076690597599963e+02
1.614587820696297288e+08 5.728062816426706831e+02
1.615416126713400185e+08 5.732048942255813699e+02
1.616256128828837574e+08 5.736035068084920567e+02
1.617107695315107405e+08 5.740021193914027435e+02
1.617970692631205618e+08 5.744007319743134303e+02
1.618844985443566442e+08 5.747993445572242308e+02
1.619730436647286713e+08 5.751979571401349176e+02
1.620626907387626767e+08 5.755965697230456044e+02
1.621534257081783712e+08 5.759951823059562912e+02
1.622452343440938890e+08 5.763937948888669780e+02
1.623381022492570281e+08 5.767924074717776648e+02
1.624320148603029847e+08 5.771910200546883516e+02
1.625269574500383139e+08 5.775896326375990384e+02
1.626229151297502518e+08 5.779882452205097252e+02
1.627198728515415788e+08 5.783868578034204120e+02
1.628178154106904566e+08 5.787854703863310988e+02
1.629167274480347633e+08 5.791840829692417856e+02
1.630165934523806572e+08 5.795826955521525861e+02
1.631173977629350126e+08 5.799813081350632729e+02
1.632191245717613995e+08 5.803799207179739597e+02
1.633217579262590110e+08 5.807785333008846465e+02
1.634252817316642404e+08 5.811771458837953332e+02
1.635296797535747588e+08 5.815757584667060200e+02
1.636349356204952598e+08 5.819743710496167068e+02
1.637410328264048994e+08 5.823729836325273936e+02
1.638479547333455980e+08 5.827715962154380804e+02
1.639556845740313232e+08 5.831702087983487672e+02
1.640642054544774890e+08 5.835688213812594540e+02
1.641735003566500247e+08 5.839674339641701408e+02
1.642835521411345005e+08 5.843660465470809413e+02
1.643943435498234332e+08 5.847646591299916281e+02
1.645058572086230516e+08 5.851632717129023149e+02
1.646180756301777065e+08 5.855618842958130017e+02
1.647309812166121900e+08 5.859604968787236885e+02
1.648445562622914910e+08 5.863591094616343753e+02
1.649587829565972090e+08 5.867577220445450621e+02
1.650736433867207468e+08 5.871563346274558626e+02
1.651891195404721498e+08 5.875549472103664357e+02
1.653051933091050982e+08 5.879535597932771225e+02
1.654218464901563525e+08 5.883521723761878093e+02
1.655390607903002501e+08 5.887507849590984961e+02
1.656568178282176852e+08 5.891493975420091829e+02
1.657750991374783814e+08 5.895480101249199834e+02
1.658938861694368124e+08 5.899466227078306702e+02
1.660131602961410582e+08 5.903452352907413569e+02
1.661329028132539690e+08 5.907438478736520437e+02
1.662530949429862201e+08 5.911424604565627305e+02
1.663737178370412588e+08 5.915410730394734173e+02
1.664947525795707405e+08 5.919396856223842178e+02
1.666161801901410818e+08 5.923382982052947909e+02
1.667379816267100573e+08 5.927369107882054777e+02
1.668601377886125445e+08 5.931355233711161645e+02
1.669826295195562541e+08 5.935341359540268513e+02
1.671054376106254756e+08 5.939327485369375381e+02
1.672285428032936752e+08 5.943313611198483386e+02
1.673519257924432755e+08 5.947299737027590254e+02
1.674755672293932140e+08 5.951285862856697122e+02
1.675994477249332368e+08 5.955271988685803990e+02
1.677235478523643017e+08 5.959258114514910858e+02
1.678478481505452096e+08 5.963244240344017726e+02
1.679723291269442439e+08 5.967230366173125731e+02
1.680969712606961727e+08 5.971216492002232599e+02
1.682217550056632757e+08 5.975202617831338330e+02
1.683466607935008109e+08 5.979188743660445198e+02
1.684716690367254317e+08 5.983174869489552066e+02
1.685967601317868829e+08 5.987160995318658934e+02
1.687219144621422887e+08 5.991147121147765802e+02
1.688471124013323188e+08 5.995133246976873806e+02
1.689723343160590231e+08 5.999119372805980674e+02
1.690975605692645907e+08 6.003105498635087542e+02
1.692227715232109427e+08 6.007091624464194410e+02
1.693479475425591469e+08 6.011077750293301278e+02
